White:

Driving forward for 0.5 seconds while printing colour values...
RGB=(255, 255, 238)
RGB=(255, 255, 238)
RGB=(255, 255, 237)
RGB=(255, 255, 236)
RGB=(255, 255, 235)
RGB=(255, 255, 233)
RGB=(255, 255, 214)
RGB=(255, 255, 199)
RGB=(255, 255, 186)
RGB=(255, 255, 188)
RGB=(255, 255, 205)
RGB=(255, 255, 247)
RGB=(255, 255, 255)
RGB=(255, 255, 249)
RGB=(255, 255, 210)
RGB=(255, 255, 191)
RGB=(255, 255, 198)
RGB=(255, 255, 214)
RGB=(255, 255, 229)
RGB=(255, 255, 229)
RGB=(255, 255, 224)
RGB=(255, 255, 231)
RGB=(255, 255, 255)
RGB=(255, 255, 255)
RGB=(255, 255, 255)
RGB=(255, 255, 255)
RGB=(255, 255, 255)
RGB=(255, 255, 255)
RGB=(255, 255, 255)
RGB=(255, 255, 255)
RGB=(255, 255, 255)
RGB=(255, 255, 255)
RGB=(255, 255, 255)
RGB=(255, 255, 255)
RGB=(255, 255, 255)
RGB=(255, 255, 255)
RGB=(255, 255, 255)
RGB=(255, 255, 255)
RGB=(255, 255, 255)
RGB=(255, 255, 250)
Stopped.

Blue (5 times), has some white before and after
1st time:
RGB=(255, 255, 216)
RGB=(255, 255, 215)
RGB=(255, 255, 213)
RGB=(255, 255, 200)
RGB=(255, 255, 184)
RGB=(225, 236, 163)
RGB=(215, 225, 157)
RGB=(213, 222, 160)
RGB=(200, 211, 160)
RGB=(161, 150, 135)
RGB=(82, 101, 108)
RGB=(53, 73, 96)
RGB=(59, 84, 112)
RGB=(60, 85, 118)
RGB=(66, 93, 120)
RGB=(66, 107, 110)
RGB=(117, 138, 117)
RGB=(172, 190, 143)
RGB=(219, 234, 165)
RGB=(249, 255, 181)
RGB=(255, 255, 200)

2nd time:
RGB=(255, 255, 195)
RGB=(255, 255, 183)
RGB=(234, 247, 168)
RGB=(229, 241, 165)
RGB=(233, 255, 174)
RGB=(255, 255, 194)
RGB=(255, 255, 208)
RGB=(243, 255, 190)
RGB=(162, 141, 128)
RGB=(73, 75, 86)
RGB=(55, 76, 98)
RGB=(59, 85, 117)
RGB=(58, 86, 122)
RGB=(59, 94, 120)
RGB=(67, 90, 96)
RGB=(112, 135, 131)
RGB=(172, 219, 160)
RGB=(253, 255, 186)
RGB=(255, 255, 216)

3rd time:
RGB=(255, 255, 200)
RGB=(255, 255, 208)
RGB=(255, 255, 223)
RGB=(255, 255, 231)
RGB=(255, 255, 216)
RGB=(255, 255, 195)
RGB=(221, 231, 155)
RGB=(156, 149, 125)
RGB=(82, 99, 101)
RGB=(56, 74, 88)
RGB=(54, 78, 108)
RGB=(57, 83, 118)
RGB=(58, 85, 121)
RGB=(66, 89, 109)
RGB=(139, 197, 152)
RGB=(242, 255, 186)
RGB=(255, 255, 215)

4th time:
RGB=(255, 255, 201)
RGB=(255, 255, 189)
RGB=(240, 254, 173)
RGB=(251, 255, 187)
RGB=(255, 255, 210)
RGB=(255, 255, 215)
RGB=(243, 255, 167)
RGB=(163, 143, 127)
RGB=(78, 95, 97)
RGB=(56, 76, 95)
RGB=(60, 85, 114)
RGB=(57, 87, 122)
RGB=(65, 94, 121)
RGB=(88, 111, 106)
RGB=(144, 166, 132)
RGB=(207, 252, 178)
RGB=(255, 255, 206)
RGB=(255, 255, 223)

5th time:
RGB=(211, 220, 160)
RGB=(163, 150, 124)
RGB=(93, 108, 103)
RGB=(62, 84, 104)
RGB=(58, 79, 112)
RGB=(58, 84, 120)
RGB=(60, 86, 113)
RGB=(66, 89, 98)
RGB=(102, 124, 126)
RGB=(199, 217, 158)


Orange Line (5 times), has some white before and after:

1st time:
RGB=(252, 227, 146)
RGB=(226, 167, 102)
RGB=(202, 139, 80)
RGB=(195, 122, 66)
RGB=(197, 117, 59)
RGB=(205, 117, 60)
RGB=(224, 129, 65)
RGB=(255, 180, 99)
RGB=(255, 255, 202)
RGB=(255, 255, 255)

2nd time:
RGB=(255, 199, 124)
RGB=(224, 160, 94)
RGB=(213, 130, 71)
RGB=(215, 125, 64)
RGB=(222, 126, 64)
RGB=(224, 128, 66)
RGB=(229, 153, 85)
RGB=(255, 199, 119)
RGB=(255, 255, 190)

3rd time:
RGB=(255, 174, 96)
RGB=(227, 136, 64)
RGB=(189, 109, 57)
RGB=(184, 108, 57)
RGB=(201, 119, 63)
RGB=(230, 152, 84)
RGB=(253, 223, 136)
RGB=(255, 255, 190)

4th time:
RGB=(255, 255, 191)
RGB=(255, 213, 132)
RGB=(204, 139, 80)
RGB=(191, 115, 62)
RGB=(191, 111, 58)
RGB=(191, 111, 57)
RGB=(193, 116, 61)
RGB=(199, 145, 83)
RGB=(229, 221, 139)
RGB=(255, 255, 188)

5th time:
RGB=(255, 255, 169)
RGB=(255, 200, 125)
RGB=(211, 147, 85)
RGB=(188, 116, 63)
RGB=(176, 103, 53)
RGB=(173, 103, 54)
RGB=(188, 118, 64)
RGB=(214, 155, 90)
RGB=(253, 221, 166)
RGB=(255, 255, 205)
RGB=(255, 255, 211)

